2 1111000101000011111001101111000111001100100111001111001 10100011001111110100101010010001110011111001010110100011
10101111101001011110110010010001101001011000110110010
1101111011110110000011011011001011111111110110101111
1101110101111010001110100001111111010101100110001011101
1111101100101011100001010011010011010010111010010101111
11000100001100110010100011111010110001101010100010011
1100110111001011011001100110010010110001001000100111101
1101110101111010001110100001111111010101100110001011101
1010010101010001010010000000110001111101100001001100
1100110100010000000000101011100001100101111001111111
10011000000111111111010011011000110001101111100011110101
10011000000111111111010011011000110001101111100011110101
11000100001100110010100011111010110001101010100010011
1100110101000100100101111101010001110101000011010011000
1100110100010000000000101011100001100101111001111111
1100110111001011011001100110010010110001001000100111101
1101111011110110000011011011001011111111110110101111
11000100001100110010100011111010110001101010100010011
10001000000011110101100111000010010110000000000111110001
1010010101010001010010000000110001111101100001001100
11000100001100110010100011111010110001101010100010011
10100010001101011110011100100100100110101101000000000001
10110010010110011011001011001100100011100000101010010
1100111100110000101111111000110110000101101110100001010
1010011111010101010100100010001100101101110100011100101
11000100001100110010100011111010110001101010100010011
1101111011110110000011011011001011111111110110101111
10001000000011110101100111000010010110000000000111110001
11000100001100110010100011111010110001101010100010011
1111101100101011100001010011010011010010111010010101111
10001000000011110101100111000010010110000000000111110001
10110010010110011011001011001100100011100000101010010
110100110010000000111101001111000011110100001101110010
11000100001100110010100011111010110001101010100010011
1101110101111010001110100001111111010101100110001011101
111101010101111101111111111101000000001011111100111011
11000001010111100000001100011011011001110101100100111
11000100001100110010100011111010110001101010100010011
1110010110011110010011100100011011110011001000101101110
11000100001100110010100011111010110001101010100010011
1011011011100011111000110000111111100111000100101010000
10001000000011110101100111000010010110000000000111110001
110001101111011101110100110011100000001001010101110011
1100110100010000000000101011100001100101111001111111
11000100001100110010100011111010110001101010100010011
1111101100101011100001010011010011010010111010010101111
10001000000011110101100111000010010110000000000111110001
10110010010110011011001011001100100011100000101010010
11000100001100110010100011111010110001101010100010011
1011011011100011111000110000111111100111000100101010000
1101110101111010001110100001111111010101100110001011101
10001000010111100011110101110011011100111111011101101000
1100110100010000000000101011100001100101111001111111
11000100001100110010100011111010110001101010100010011
1101110101111010001110100001111111010101100110001011101
11000100001100110010100011111010110001101010100010011
1010010001010100000101010110001000010001100100111100101
101100011101001000100011101110110011100000011011100111
1100110100010000000000101011100001100101111001111111
1101110101111010001110100001111111010101100110001011101
1101111011110110000011011011001011111111110110101111
11000100001100110010100011111010110001101010100010011
101100011101001000100011101110110011100000011011100111
1100110100010000000000101011100001100101111001111111
1100110111001011011001100110010010110001001000100111101
1101111011110110000011011011001011111111110110101111
11000100001100110010100011111010110001101010100010011
10001000000011110101100111000010010110000000000111110001
1010010101010001010010000000110001111101100001001100
11000100001100110010100011111010110001101010100010011
1101111011110110000011011011001011111111110110101111
1011011011100011111000110000111111100111000100101010000
1100110100010000000000101011100001100101111001111111
11000100001100110010100011111010110001101010100010011
1100110111001011011001100110010010110001001000100111101
1100110100010000000000101011100001100101111001111111
110011100011000001010011111101000101011011101110010000
1100110100010000000000101011100001100101111001111111
1100110111001011011001100110010010110001001000100111101
1101111011110110000011011011001011111111110110101111
1100110100010000000000101011100001100101111001111111
101100011101001000100011101110110011100000011011100111
1110101000101000100001110111000110010101111011010001001
11000100001100110010100011111010110001101010100010011
1010000111110111010010101011101111010011110110100100
1100111101100011110011001101001001101111011011011110001