10 58951011594278621435686867397094812153 118029891756155500985173594306744251227
96291997963476121126662410117396630652
10624609832889539255167344344447127877
105211185427909350259037758191428019131
58097756152956868649656867961096053430
75538688923849722525957914536368474006
96849938462176204537459571862513523407
75538688923849722525957914536368474006
58097756152956868649656867961096053430
96849938462176204537459571862513523407
104274817194727884357041845542813538038
58097756152956868649656867961096053430
66815030675737423639225967626983203008
85193637787839161818494953096247013152
66815030675737423639225967626983203008
96849938462176204537459571862513523407
3667928845625166305609832696946278344
35522969820128103252179078362756441570
58097756152956868649656867961096053430
94836890584997077787672628262567259398
99299103049511372586531617854290275979
3667928845625166305609832696946278344
1729322611653188594875071849070541904
104274817194727884357041845542813538038
58097756152956868649656867961096053430
96849938462176204537459571862513523407
104274817194727884357041845542813538038
58097756152956868649656867961096053430
66815030675737423639225967626983203008
22982010701237459914610088251878124815
31117217277885750609796721379995991766
99299103049511372586531617854290275979
10624609832889539255167344344447127877
102408193693523501893985434414171915874
31117217277885750609796721379995991766
58097756152956868649656867961096053430
104274817194727884357041845542813538038
10624609832889539255167344344447127877
58097756152956868649656867961096053430
85193637787839161818494953096247013152
31117217277885750609796721379995991766
104274817194727884357041845542813538038
58097756152956868649656867961096053430
104274817194727884357041845542813538038
10624609832889539255167344344447127877
58097756152956868649656867961096053430
75538688923849722525957914536368474006
31117217277885750609796721379995991766
44706368970068335183725452718321686337
96849938462176204537459571862513523407
31445051352322944311047624223690125947
63546096166194997005951211704186675814
31117217277885750609796721379995991766
89275444053134133490662579055858262640
58097756152956868649656867961096053430
66815030675737423639225967626983203008
3667928845625166305609832696946278344
75538688923849722525957914536368474006
58097756152956868649656867961096053430
89275444053134133490662579055858262640
31117217277885750609796721379995991766
66815030675737423639225967626983203008
75538688923849722525957914536368474006
58097756152956868649656867961096053430
66815030675737423639225967626983203008
58097756152956868649656867961096053430
99299103049511372586531617854290275979
31117217277885750609796721379995991766
44706368970068335183725452718321686337
89275444053134133490662579055858262640
31117217277885750609796721379995991766
104274817194727884357041845542813538038
58097756152956868649656867961096053430
102408193693523501893985434414171915874
31117217277885750609796721379995991766
99299103049511372586531617854290275979
99299103049511372586531617854290275979
66815030675737423639225967626983203008
85193637787839161818494953096247013152
31117217277885750609796721379995991766
77709707807329166210817025147696597527